01 0d 02 
01 0d 20 56 30 30 2e 38 35 
01 03 02 17 00 9f 01 3c 00 90 01 14 00 00 05 00 00 0f 02 01 01 03 85 ff 00 01 00 0c 00 14 00 3c 00 00 00 
01 03 20 56 30 30 2e 38 35 
01 0e 02 
01 0e 20 02 00 01 1e 01 00 01 ff ff 00 03 01 9f 00 14 01 90 00 0c 00 00 27 00 05 1f 02 02 00 35 01 09 01 09 1c 00 00 00 ff ff ff ff ff ff ff ff ff ff ff ff ff ff ff ff ff ff ff ff ff ff ff ff 
01 0e 02 
01 0e 20 02 00 01 1e 01 00 01 ff ff 00 03 01 9f 00 14 01 90 00 0c 00 00 27 00 05 1f 02 02 00 35 01 09 01 09 1c 00 00 00 ff ff ff ff ff ff ff ff ff ff ff ff ff ff ff ff ff ff ff ff ff ff ff ff 
01 0e 02 
01 0e 20 02 00 01 1e 01 00 01 ff ff 00 03 01 9f 00 14 01 90 00 0c 00 00 27 00 05 1f 02 02 00 35 01 09 01 09 1c 00 00 00 ff ff ff ff ff ff ff ff ff ff ff ff ff ff ff ff ff ff ff ff ff ff ff ff 
04 82 00 0d 00 14 e0 04 00 80 00 02 00 02 01 00 01 02 
04 82 80 0c 14 12 d0 04 00 80 00 02 00 02 01 02 01 00 
04 82 00 0c 12 14 05 01 
04 82 80 0c 14 12 05 01 
04 82 02 0c 12 14 f1 00 32 01 00 00 02 00 00 08 00 00 f0 00 00 01 00 01 01 e0 
04 82 80 0c 14 12 b0 01 00 
04 82 80 0c 14 12 f1 00 32 03 00 00 02 00 00 08 00 00 00 00 f0 00 00 01 00 01 00 f0 
04 82 00 0c 12 14 b0 01 00 
04 82 02 0c 12 14 f1 01 32 07 00 00 03 00 00 08 00 08 00 01 12 04 11 44 01 00 ff 09 00 04 01 32 00 04 
04 82 80 0c 14 12 b0 01 01 
04 82 80 0c 14 12 f1 01 32 07 00 00 03 00 00 0c 00 34 00 01 12 08 12 84 01 02 00 00 00 00 ff 09 00 30 01 32 00 04 00 28 00 01 00 04 00 01 00 00 00 01 00 02 00 00 00 00 56 56 00 00 00 00 00 00 00 00 02 00 00 00 00 00 00 00 00 00 00 00 00 00 00 00 
04 82 00 0c 12 14 b0 01 01 
04 82 02 0c 12 14 f1 02 32 07 00 00 04 00 00 08 00 08 00 01 12 04 11 44 01 00 ff 09 00 04 00 00 00 00 
04 82 80 0c 14 12 b0 01 02 
04 82 80 0c 14 12 f1 02 32 07 00 00 04 00 00 0c 00 86 00 01 12 08 12 84 01 02 00 00 00 00 ff 09 00 82 00 00 00 00 00 02 00 3d 00 00 0f 00 00 11 01 11 0f 11 00 12 01 12 0f 12 00 13 00 14 0f 14 00 15 01 15 00 17 01 17 0f 17 00 18 01 18 0f 18 00 19 0f 19 00 1a 0f 1a 00 1b 0f 1b 00 1c 01 1c 0f 1c 00 21 0a 21 0f 21 02 22 00 23 0f 23 00 24 01 24 04 24 05 24 01 31 01 32 02 32 00 74 01 74 0f 74 05 91 0a 91 0c 91 0d 91 00 92 02 92 06 92 0f 92 00 95 01 95 0f 95 00 b1 00 b2 00 b3 00 b4 00 a0 01 a0 
04 82 00 0c 12 14 b0 01 02 
04 82 02 0c 12 14 f1 03 32 07 00 00 05 00 00 08 00 08 00 01 12 04 11 44 01 00 ff 09 00 04 01 11 00 01 
04 82 80 0c 14 12 b0 01 03 
04 82 80 0c 14 12 f1 03 32 07 00 00 05 00 00 0c 00 28 00 01 12 08 12 84 01 02 00 00 00 00 ff 09 00 24 01 11 00 01 00 1c 00 01 00 01 36 45 53 37 20 33 31 33 2d 36 43 46 30 33 2d 30 41 42 30 20 00 c0 00 02 00 01 
04 82 00 0c 12 14 b0 01 03 
04 82 02 0c 12 14 f1 04 32 07 00 00 06 00 00 08 00 08 00 01 12 04 11 44 01 00 ff 09 00 04 00 92 00 00 
04 82 80 0c 14 12 b0 01 04 
04 82 80 0c 14 12 f1 04 32 07 00 00 06 00 00 0c 00 1c 00 01 12 08 12 84 01 02 00 00 00 00 ff 09 00 18 00 92 00 00 00 10 00 01 01 00 00 00 00 00 00 00 00 00 00 00 00 00 00 00 
04 82 00 0c 12 14 b0 01 04 
04 82 02 0c 12 14 f1 05 32 07 00 00 07 00 00 08 00 08 00 01 12 04 11 44 01 00 ff 09 00 04 0d 91 00 00 
04 82 80 0c 14 12 b0 01 05 
04 82 80 0c 14 12 f1 05 32 07 00 00 07 00 00 0c 00 1c 00 01 12 08 12 84 01 02 00 00 00 00 ff 09 00 18 0d 91 00 00 00 10 00 01 00 00 02 00 7f ff 00 c0 00 c0 00 00 b4 02 00 11 
04 82 00 0c 12 14 b0 01 05 
04 82 02 0c 12 14 f1 06 32 07 00 00 08 00 00 08 00 08 00 01 12 04 11 44 01 00 ff 09 00 04 05 91 00 00 
04 82 80 0c 14 12 b0 01 06 
04 82 80 0c 14 12 f1 06 32 07 00 00 08 00 00 0c 00 2c 00 01 12 08 12 84 01 02 00 00 00 00 ff 09 00 28 05 91 00 00 00 10 00 02 00 00 02 02 00 7c 4f d2 4f d2 00 00 b4 02 00 11 00 00 02 04 03 00 38 c0 38 c0 00 00 b4 02 00 11 
04 82 00 0c 12 14 b0 01 06 
04 82 02 0c 12 14 f1 07 32 07 00 00 09 00 00 08 00 08 00 01 12 04 11 44 01 00 ff 09 00 04 0a 91 00 00 
04 82 80 0c 14 12 b0 01 07 
04 82 80 0c 14 12 f1 07 32 07 00 00 09 00 00 0c 00 0c 00 01 12 08 12 84 01 02 00 00 00 00 ff 09 00 08 0a 91 00 00 00 10 00 00 
04 82 00 0c 12 14 b0 01 07 
04 82 00 0c 12 14 80 
04 82 80 0c 14 12 c0 
01 0e 02 
01 0e 20 02 00 01 1e 01 00 01 ff ff 00 03 01 9f 00 14 01 90 00 0c 00 00 27 00 05 1f 02 02 00 35 01 09 01 09 1c 00 00 00 ff ff ff ff ff ff ff ff ff ff ff ff ff ff ff ff ff ff ff ff ff ff ff ff 
01 0e 02 
01 0e 20 02 00 01 1e 01 00 01 ff ff 00 03 01 9f 00 14 01 90 00 0c 00 00 27 00 05 1f 02 02 00 35 01 09 01 09 1c 00 00 00 ff ff ff ff ff ff ff ff ff ff ff ff ff ff ff ff ff ff ff ff ff ff ff ff 
01 0e 02 
01 0e 20 02 00 01 1e 01 00 01 ff ff 00 03 01 9f 00 14 01 90 00 0c 00 00 27 00 05 1f 02 02 00 35 01 09 01 09 1c 00 00 00 ff ff ff ff ff ff ff ff ff ff ff ff ff ff ff ff ff ff ff ff ff ff ff ff 
04 82 00 0d 00 15 e0 04 00 80 00 02 00 02 01 00 01 02 
04 82 80 0c 15 12 d0 04 00 80 00 02 00 02 01 02 01 00 
04 82 00 0c 12 15 05 01 
04 82 80 0c 15 12 05 01 
04 82 02 0c 12 15 f1 00 32 01 00 00 02 00 00 08 00 00 f0 00 00 01 00 01 01 e0 
04 82 80 0c 15 12 b0 01 00 
04 82 80 0c 15 12 f1 00 32 03 00 00 02 00 00 08 00 00 00 00 f0 00 00 01 00 01 00 f0 
04 82 00 0c 12 15 b0 01 00 
04 82 02 0c 12 15 f1 01 32 07 00 00 03 00 00 08 00 08 00 01 12 04 11 44 01 00 ff 09 00 04 01 32 00 04 
04 82 80 0c 15 12 b0 01 01 
04 82 80 0c 15 12 f1 01 32 07 00 00 03 00 00 0c 00 34 00 01 12 08 12 84 01 02 00 00 00 00 ff 09 00 30 01 32 00 04 00 28 00 01 00 04 00 01 00 00 00 01 00 02 00 00 00 00 56 56 00 00 00 00 00 00 00 00 02 00 00 00 00 00 00 00 00 00 00 00 00 00 00 00 
04 82 00 0c 12 15 b0 01 01 
04 82 02 0c 12 15 f1 02 32 07 00 00 04 00 00 08 00 08 00 01 12 04 11 44 01 00 ff 09 00 04 00 00 00 00 
04 82 80 0c 15 12 b0 01 02 
04 82 80 0c 15 12 f1 02 32 07 00 00 04 00 00 0c 00 86 00 01 12 08 12 84 01 02 00 00 00 00 ff 09 00 82 00 00 00 00 00 02 00 3d 00 00 0f 00 00 11 01 11 0f 11 00 12 01 12 0f 12 00 13 00 14 0f 14 00 15 01 15 00 17 01 17 0f 17 00 18 01 18 0f 18 00 19 0f 19 00 1a 0f 1a 00 1b 0f 1b 00 1c 01 1c 0f 1c 00 21 0a 21 0f 21 02 22 00 23 0f 23 00 24 01 24 04 24 05 24 01 31 01 32 02 32 00 74 01 74 0f 74 05 91 0a 91 0c 91 0d 91 00 92 02 92 06 92 0f 92 00 95 01 95 0f 95 00 b1 00 b2 00 b3 00 b4 00 a0 01 a0 
04 82 00 0c 12 15 b0 01 02 
04 82 02 0c 12 15 f1 03 32 07 00 00 05 00 00 08 00 08 00 01 12 04 11 44 01 00 ff 09 00 04 01 11 00 01 
04 82 80 0c 15 12 b0 01 03 
04 82 80 0c 15 12 f1 03 32 07 00 00 05 00 00 0c 00 28 00 01 12 08 12 84 01 02 00 00 00 00 ff 09 00 24 01 11 00 01 00 1c 00 01 00 01 36 45 53 37 20 33 31 33 2d 36 43 46 30 33 2d 30 41 42 30 20 00 c0 00 02 00 01 
04 82 00 0c 12 15 b0 01 03 
04 82 02 0c 12 15 f1 04 32 07 00 00 06 00 00 08 00 08 00 01 12 04 11 44 01 00 ff 09 00 04 04 24 00 00 
04 82 80 0c 15 12 b0 01 04 
04 82 80 0c 15 12 f1 04 32 07 00 00 06 00 00 0c 00 20 00 01 12 08 12 84 01 02 00 00 00 00 ff 09 00 1c 04 24 00 00 00 14 00 01 51 40 ff 08 00 00 00 00 00 00 00 00 13 01 07 16 55 27 86 12 
04 82 00 0c 12 15 b0 01 04 
04 82 02 0c 12 15 f1 05 32 07 00 00 07 00 00 08 00 08 00 01 12 04 11 44 01 00 ff 09 00 04 0f 74 00 00 
04 82 80 0c 15 12 b0 01 05 
04 82 80 0c 15 12 f1 05 32 07 00 00 07 00 00 0c 00 0c 00 01 12 08 12 84 01 02 00 00 00 00 ff 09 00 08 0f 74 00 00 00 04 00 05 
04 82 00 0c 12 15 b0 01 05 
04 82 02 0c 12 15 f1 06 32 07 00 00 08 00 00 08 00 08 00 01 12 04 11 44 01 00 ff 09 00 04 00 74 00 00 
04 82 80 0c 15 12 b0 01 06 
04 82 80 0c 15 12 f1 06 32 07 00 00 08 00 00 0c 00 20 00 01 12 08 12 84 01 02 00 00 00 00 ff 09 00 1c 00 74 00 00 00 04 00 05 00 01 00 00 00 04 01 00 00 05 00 00 00 06 00 00 00 0b 00 00 
04 82 00 0c 12 15 b0 01 06 
04 82 00 0c 12 15 80 
04 82 80 0c 15 12 c0 
01 04 02 
01 04 20 