out 7e fc 9b cd 7e
in  7e ce 0a df 7e
out 7e 00 17 e8 01 03 02 27 00 9f 01 3c 00 90 01 14 00 00 05 02 00 1f 02 01 01 03 81 b7 f7 7e
in  7e 01 09 f6 01 03 20 56 30 30 2e 38 35 72 00 7e
out 7e 11 03 fc 01 08 02 c9 fb 7e
in  7e 12 07 f8 01 08 20 00 30 06 00 c3 62 7e
out 7e 22 03 fc 01 07 02 ac b3 7e
in  7e 23 85 7a 01 07 20 00 00 1f 30 10 10 10 10 10 30 10 10 10 10 10 10 10 10 10 10 10 10 10 10 10 10 10 10 10 10 10 10 10 10 10 10 10 10 10 10 10 10 10 10 10 10 10 10 10 10 10 10 10 10 10 10 10 10 10 10 10 10 10 10 10 10 10 10 10 10 10 10 10 10 10 10 10 10 10 10 10 10 10 10 10 10 10 10 10 10 10 10 10 10 10 10 10 10 10 10 10 10 10 10 10 10 10 10 10 10 10 10 10 10 10 10 10 10 10 10 10 10 10 10 10 10 10 10 10 10 ee de 7e
out 7e 33 03 fc 01 08 02 ff 76 7e
in  7e 34 07 f8 01 08 20 00 30 06 00 a4 26 7e
out 7e 44 03 fc 01 08 02 2f af 7e
in  7e 45 07 f8 01 08 20 00 30 06 00 1f 25 7e
out 7e 55 03 fc 01 04 02 14 40 7e
in  7e 56 03 fc 01 04 20 79 4e 7e
out 7e ca 2e 99 7e
in  7e ce 0a df 7e

